42	1	3.693
35	12	-0.222
38	38	-16.552
13	30	13.651
35	27	11.834
2	11	2.169
35	26	-12.462
49	6	-12.922
32	22	-16.366
35	24	-0.66
27	12	1.342
36	5	-10.414
31	15	-13.569
7	49	-9.112
6	37	-12.46
46	25	-2.777
24	9	-16.674
26	36	-2.803
29	6	15.752
26	44	-19.547
6	5	15.835
26	44	11.61
20	22	12.993
33	43	-15.931
45	10	-16.127
36	6	-16.521
7	14	-3.375
4	25	-7.495
34	37	11.077
48	30	-13.699
9	18	10.654
41	12	6.786
42	27	-17.669
22	4	3.421
50	2	-13.542
20	32	17.827
6	49	-2.675
37	39	-12.85
47	42	-9.872
21	38	-11.146
41	32	9.702
20	20	-6.429
25	10	-16.82
25	13	2.052
4	3	8.204
36	44	4.253
47	38	-11.318
40	15	5.283
21	26	-3.757
41	1	4.52
29	1	-7.054
42	6	14.731
12	39	-12.387
33	28	-3.474
40	5	-2.929
35	2	-12.551
10	9	-4.533
36	26	19.882
7	1	-5.023
23	5	-0.939
2	44	0.162
7	1	-11.792
3	36	18.271
28	39	-14.737
0	45	-10.7
15	22	14.923
11	32	7.007
46	43	6.284
0	9	11.52
5	35	7.668
25	14	-19.154
35	48	16.127
7	42	19.517
9	7	-3.305
48	13	-16.921
8	39	-7.348
26	43	-12.893
28	12	-13.051
16	23	-13.936
6	11	-17.467
25	1	9.852
49	35	-14.704
5	43	-16.033
4	34	0.816
17	26	6.425
0	35	1.067
25	21	2.825
16	42	-8.653
48	38	18.897
2	26	11.756
17	15	-12.882
9	20	4.671
4	7	-0.115
29	4	5.321
40	34	12.98
39	31	16.95
10	27	-15.014
8	47	-10.98
42	14	4.079
28	37	16.599
46	18	3.15
43	16	8.345
39	41	-12.632
18	43	17.894
0	25	-15.36
9	25	1.194
0	39	0.015
39	41	14.152
31	47	-7.143
44	14	7.913
27	38	-3.843
21	35	-4.668
32	29	4.937
25	32	-17.952
39	2	14.285
33	20	-13.399
14	9	-0.977
49	22	-18.161
46	30	7.614
29	20	19.071
41	11	15.86
28	0	-15.758
24	50	-7.772
38	15	-8.423
1	35	-2.302
23	48	-0.936
44	20	16.455
17	3	17.415
16	44	11.133
37	0	17.388
42	49	15.651
16	22	-3.952
21	13	-1.148
28	23	14.291
37	36	13.131
11	48	-13.728
32	45	-14.351
25	23	-2.895
48	2	8.033
44	26	-15.521
17	35	-5.444
37	11	-11.006
48	29	9.146
9	14	-4.541
28	41	-3.438
12	45	10.325
10	48	5.145
35	20	4.863
42	46	-3.886
5	7	-4.902
12	2	-18.441
9	47	-18.335
21	41	10.802
18	39	-19.773
43	7	-0.204
50	2	-4.72
50	19	-1.218
3	6	18.798
26	13	-3.685
28	47	-8.396
36	14	18.441
20	39	-15.372
17	31	5.188
30	28	17.517
6	9	8.347
38	6	-7.489
17	21	-9.889
32	9	-13.923
12	14	9.778
22	2	-7.206
41	19	15.76
28	1	12.603
22	50	-15.789
44	5	-4.074
1	11	6.104
49	43	9.858
33	28	16.568
11	24	3.904
30	46	3.038
10	27	-5.761
45	18	2.036
19	3	-4.348
16	4	11.351
12	49	18.656
13	2	-11.269
19	42	0.022
23	39	8.827
21	1	10.486
3	49	-6.882
49	7	-2.206
19	2	-7.591
22	3	6.074
14	9	-10.273
2	28	9.189
17	8	7.465
17	28	-12.355
21	40	-9.945
5	9	7.276
36	3	-0.748
45	10	15.335
30	44	12.26
40	6	-0.815
11	27	-10.116
9	43	19.519
28	44	16.719
6	49	-7.224
26	14	-10.664
21	14	14.961
42	37	18.769
43	17	4.068
3	39	-0.994
50	44	1.629
43	18	4.038
27	42	6.945
47	6	11.613
6	5	-10.21
11	25	-16.805
23	40	15.945
44	11	7.144
48	8	14.688
10	28	3.879
48	4	-17.514
1	38	2.752
46	50	-4.634
16	30	-17.854
18	28	15.262
48	43	-14.064
49	37	16.211
42	18	6.704
47	9	17.122
27	13	-2.022
0	28	-8.152
36	32	8.694
23	41	15.575
16	25	-14.149
16	39	5.327
20	48	-4.475
44	28	-15.706
36	7	6.68
31	46	12.713
24	32	-18.649
15	23	-15.259
23	16	0.873
14	38	1.637
2	44	2.531
7	9	6.634
28	49	-12.315
3	8	11.934
32	39	7.152
25	32	-2.25
46	17	-8.096
19	29	3.853
40	14	-15.518
50	6	9.523
8	30	12.708
8	16	11.623
8	8	-12.97
41	46	-2.887
5	41	-10.56
16	19	-7.228
3	7	13.545
21	17	8.515
8	14	-5.903
47	48	18.362
11	19	10.506
48	23	-9.241
2	44	5.365
23	38	-6.727
42	6	-2.328
39	49	-4.156
5	49	16.37
39	23	11.374
44	45	9.925
41	1	12.89
4	40	-3.087
2	0	17.805
0	47	4.087
20	48	-14.369
0	40	-19.6
4	33	5.601
21	42	-12.945
18	32	2.357
35	46	-15.48
8	20	17.082
29	29	6.225
29	27	8.257
1	23	8.428
27	45	-7.675
19	43	-17.51
34	49	-14.066
10	16	12.413
42	47	6.591
25	12	0.898
18	44	-13.803
3	28	-0.347
33	30	17.875
39	44	17.945
43	2	-4.353
33	9	17.924
8	23	-15.515
2	27	13.61
35	9	-15.808
4	48	-1.466
27	2	-15.847
14	0	-14.435
31	48	-17.421
25	49	6.346
22	4	-2.796
18	3	-16.695
25	48	1.65
8	34	-4.054
31	48	-8.036
44	37	2.774
4	18	19.01
46	21	18.445
23	0	19.935
28	50	13.741
12	36	-6.581
25	15	9.913
30	43	-15.122
17	37	-4.116
44	29	0.218
46	43	-11.852
36	9	-0.066
3	7	-4.354
15	40	-11.969
6	38	-0.13
48	44	5.369
49	19	7.793
12	39	-2.149
37	23	5.295
47	43	-7.191
28	9	8.486
11	10	10.333
8	47	13.065
48	43	11.939
11	49	-17.329
2	7	13.827
49	49	17.145
34	26	17.75
43	24	13.887
39	43	16.365
10	31	-12.217
46	48	-18.992
42	36	-3.013
40	30	5.509
28	29	15.958
44	7	-10.078
31	39	12.323
43	41	-1.637
47	1	15.003
13	23	-4.242
47	45	2.817
33	12	1.893
35	14	-15.16
7	32	3.273
35	42	-2.717
33	28	14.373
42	2	1.748
26	20	8.15
42	24	-16.294
22	41	0.014
42	9	-10.304
46	19	17.948
13	25	-18.108
18	33	-2.666
44	29	-14.67
16	18	-7.152
27	36	-1.919
10	38	-16.523
46	46	1.242
35	25	8.399
29	17	-3.935
13	45	9.297
40	47	-4.363
3	1	12.09
13	4	6.993
12	6	1.035
13	8	19.217
25	42	-6.39
9	36	3.46
9	8	14.599
10	21	7.456
17	15	6.825
28	37	-18.891
4	40	-10.937
1	25	3.153
39	37	-0.498
44	31	12.526
4	22	8.623
22	32	19.796
41	39	2.219
22	31	4.42
6	8	-13.532
30	9	14.794
34	46	19.051
42	46	-0.969
41	12	-0.051
29	6	14.135
44	36	-14.711
1	22	-5.684
42	19	-15.768
2	3	-9.863
27	50	-15.691
47	4	2.632
30	40	14.944
19	18	6.627
19	3	-2.357
42	13	19.521
35	24	16.473
36	37	-5.436
33	15	-18.123
16	15	-7.99
10	34	6.721
24	27	1.762
21	37	4.487
47	19	6.676
27	3	-5.225
0	38	-5.068
28	12	6.726
21	34	3.728
15	9	2.604
32	23	4.546
47	17	19.821
49	36	-1.286
5	39	6.004
48	4	0.099
6	31	-15.245
30	32	-19.944
41	20	-16.579
41	40	8.574
19	3	-3.534
18	2	-14.48
34	41	-12.006
24	23	8.01
23	21	-9.069
6	24	-14.643
21	7	16.575
43	23	-14.541
16	39	9.671
0	21	-11.881
12	31	-16.239
24	34	2.495
37	27	11.328
29	50	6.637
49	39	-7.745
36	31	-6.116
5	28	5.374
5	7	-15.723
42	50	19.352
40	19	-6.525
48	40	-2.772
18	13	0.043
38	18	12.696
9	8	10.934
32	23	-8.686
26	28	-13.522
2	46	12.787
39	18	-15.268
27	14	14.408
48	43	-9.252
33	23	-17.059
48	40	5.299
34	18	-8.844
33	4	11.599
13	11	-6.34
47	22	8.206
14	43	4.257
28	45	-15.096
15	44	-7.197
38	9	6.782
47	8	17.455
22	43	-2.941
44	6	-18.307
12	6	-16.274
6	4	9.408
43	9	1.768
10	46	-16.455
42	50	-5.41
30	22	-12.968
32	15	-14.81
11	21	10.125
5	14	-5.937
5	9	-6.705
7	35	16.036
23	28	15.387
30	7	-1.125
47	17	11.797
8	7	11.345
38	26	15.813
13	44	12.652
2	23	-8.378
50	46	14.13
9	48	-6.877
1	39	-4.84
37	24	16.728
47	23	0.395
22	36	2.691
44	25	-18.037
7	11	-14.445
34	33	-17.981
27	18	16.375
33	8	7.505
19	6	0.141
16	4	11.813
23	44	4.389
21	39	-4.375
50	3	0.185
4	3	18.346
22	26	16.545
0	13	6.415
24	18	-5.502
20	42	3.507
45	27	-4.557
22	42	-16.042
1	12	0.027
18	41	-9.762
6	6	-3.772
1	21	0.741
46	38	17.419
42	49	17.541
31	24	-8.275
2	13	15.983
45	38	-3.452
8	6	5.594
13	17	0.545
14	40	16.846
23	11	-2.682
10	32	-1.658
46	12	18.984
44	39	16.637
30	14	-7.706
15	7	8.303
19	21	0.458
49	9	12.183
10	16	12.287
0	6	2.485
18	36	16.364
48	15	2.758
29	48	-15.458
7	41	0.237
14	36	-6.07
42	35	18.047
36	7	-0.011
42	3	-10.35
30	16	1.098
30	3	-4.64
1	41	-14.783
22	10	14.535
18	0	17.644
11	25	9.576
25	29	-5.811
17	20	15.567
17	25	1.161
25	8	-19.396
50	32	7.328
19	49	-13.23
44	37	8.582
47	47	18.077
10	3	-18.487
21	31	-14.185
6	24	-7.49
37	47	-13.624
17	21	-8.258
36	27	3.89
3	21	-14.054
38	2	3.166
40	5	3.996
3	29	14.029
5	25	-19.175
0	45	7.369
31	24	-14.964
9	43	5.488
12	16	15.067
8	21	-10.897
0	36	11.506
10	14	-6.881
43	46	11.463
27	44	10.924
50	5	-11.504
33	48	10.696
30	32	3.997
24	37	18.577
2	38	-12.507
43	37	-15.266
47	5	-16.71
9	43	15.948
28	1	8.511
4	33	7.931
38	35	-3.968
38	4	-4.956
4	6	-3.237
45	19	10.257
11	44	-0.938
20	24	-6.68
50	17	-10.254
3	25	-18.849
45	27	19.734
21	48	8.471
25	21	-2.604
8	15	-11.684
39	33	-2.556
38	1	8.283
39	24	11.098
7	27	6.262
11	9	-9.0
35	12	1.616
10	34	8.84
20	23	-8.171
22	1	-9.546
44	38	-3.618
19	26	19.772
27	37	-14.053
38	21	8.55
40	44	0.418
44	26	-18.377
28	49	-8.876
16	37	12.629
21	13	-4.089
32	21	12.588
32	44	-12.733
24	12	7.04
42	33	6.89
5	21	3.859
34	50	16.475
5	42	-17.289
44	21	-4.317
17	8	-8.868
40	22	16.085
28	11	12.421
48	43	-16.0
23	40	7.343
22	37	-7.302
48	26	-11.4
2	22	6.472
17	26	13.486
8	28	-10.303
10	34	7.037
16	25	-19.568
25	29	8.536
18	25	-0.231
11	24	-9.709
46	49	-11.103
18	28	2.312
13	29	14.612
33	43	11.835
3	2	-19.107
40	9	0.702
11	9	-11.322
23	10	16.8
6	17	-17.564
44	50	19.039
27	18	-6.954
4	3	2.146
17	30	7.223
31	28	-7.671
20	7	16.658
27	42	-2.229
11	18	-5.015
25	39	-8.913
46	14	-3.504
4	12	-11.531
13	25	-17.164
31	46	-0.411
0	50	-8.883
49	50	-3.547
8	34	9.279
2	46	0.945
46	2	-11.131
46	0	-17.779
46	29	-7.293
15	47	17.514
3	19	-0.486
22	47	-17.442
47	15	8.257
48	8	5.659
2	5	11.959
3	27	8.519
41	0	-6.29
15	37	18.168
18	48	0.404
5	1	18.281
31	6	-5.674
20	2	-8.821
43	25	15.997
33	37	0.543
40	50	18.026
28	14	-6.243
22	48	9.344
28	15	-1.144
13	27	12.459
45	4	17.794
34	30	-7.644
43	46	-17.908
26	39	18.943
5	45	4.572
27	36	15.616
23	49	-8.174
45	14	-5.451
1	1	16.346
25	30	-7.63
47	35	-5.649
18	10	-8.594
33	16	15.675
41	6	-15.517
10	28	-18.839
2	22	16.502
15	26	12.603
42	31	-9.285
29	21	-13.0
47	40	18.246
18	4	-19.831
48	34	11.608
6	20	-9.499
11	24	15.245
12	29	-11.039
13	32	11.656
41	40	2.38
33	13	17.203
11	36	-2.769
41	36	-11.761
41	41	10.161
21	13	0.66
30	18	-6.551
18	26	-1.266
30	6	-13.73
43	8	16.477
23	45	-11.035
28	43	-12.946
14	7	9.859
20	15	18.237
27	29	15.303
18	50	9.056
15	46	11.0
8	4	-1.741
20	37	-6.558
0	15	0.767
44	27	-9.627
7	17	12.439
47	14	9.198
36	6	-15.37
45	22	0.979
2	35	-16.782
24	29	-7.4
6	34	17.301
30	41	5.917
6	14	-0.751
36	23	-16.885
4	31	-1.454
3	2	-10.446
50	50	1
