142	123	19.634
62	86	-0.553
92	17	6.86
21	2	-14.355
156	78	8.124
90	229	15.987
104	233	0.512
198	230	-12.514
153	28	-4.331
74	156	10.005
142	101	-10.834
85	187	-13.764
19	118	6.532
50	19	19.506
222	206	-10.041
199	249	0.015
64	190	12.222
191	17	-0.622
24	11	7.331
245	147	-6.425
61	200	-11.442
96	166	-11.866
72	33	12.377
6	45	-15.349
169	78	-11.465
55	30	-18.468
248	220	18.654
170	89	-12.853
193	38	-16.524
24	171	18.9
153	208	-15.36
55	187	-17.693
9	178	13.513
91	150	1.553
212	202	-2.342
194	20	9.435
134	176	-9.286
45	88	-5.871
104	154	8.161
183	13	-4.902
52	118	-8.656
129	52	-8.147
144	131	16.338
71	25	1.761
241	76	-14.753
3	150	-2.706
116	60	-18.639
51	88	-11.535
225	240	19.935
101	43	4.35
146	158	16.136
188	160	-5.281
68	74	-0.39
46	59	-10.459
2	84	-6.194
70	223	-9.713
241	51	12.164
165	237	-18.772
58	111	-10.696
83	43	8.725
98	71	11.592
14	170	-12.774
144	219	18.953
27	48	-11.931
80	232	14.806
227	96	10.413
228	11	-14.011
157	129	9.979
10	211	-3.623
145	86	-18.595
49	39	10.465
51	247	-4.845
212	91	10.669
185	109	-14.762
143	90	-2.545
250	250	1
