35	375	-0.24
453	315	4.08
954	571	-17.31
768	22	1.31
300	612	18.6
799	740	14.46
496	910	-15.68
154	198	6.62
954	872	-18.11
724	60	-5.85
412	253	15.3
169	200	-4.18
340	116	-1.97
911	515	-14.98
537	612	5.65
995	908	6.37
343	81	11.02
109	487	11.47
375	455	15.0
463	763	10.88
631	701	14.55
283	695	-14.31
173	429	14.23
23	852	-12.34
171	220	17.54
604	638	-0.46
792	431	15.35
614	1000	7.72
319	930	-9.85
12	414	-2.9
401	7	2.46
532	404	-2.94
244	94	19.81
509	730	-7.72
609	688	18.22
945	398	-2.94
971	991	-13.82
149	107	-18.12
889	735	-13.15
416	354	17.78
163	460	-2.59
513	866	12.52
817	853	-4.9
321	172	-10.74
14	312	5.66
386	763	18.01
971	622	-12.33
741	418	-8.25
145	142	-18.75
448	997	2.11
684	313	-14.24
724	68	-14.7
188	664	16.9
341	383	-13.46
940	121	-9.7
286	169	11.08
276	456	-7.82
964	510	-19.25
314	252	4.69
560	944	13.78
997	205	-12.74
477	166	19.7
858	484	-10.29
447	247	-16.73
586	451	-7.74
469	995	19.61
55	564	-3.85
106	601	12.09
841	596	14.11
855	274	-15.38
408	82	14.11
166	194	19.48
470	649	16.0
971	696	10.5
652	794	-9.44
530	277	8.38
238	372	19.38
426	223	16.97
370	946	2.75
757	675	-10.45
96	946	-16.28
220	76	9.3
704	553	8.84
916	2	13.38
603	322	3.82
27	76	-17.78
17	939	15.24
604	793	2.88
688	1000	-12.52
539	609	-14.14
862	282	14.46
347	998	-19.24
822	732	4.85
150	484	-10.36
486	619	19.1
744	927	-9.1
291	727	18.41
730	359	-8.89
376	444	-13.4
96	745	10.97
420	971	1.31
612	833	3.98
169	958	16.05
92	910	15.8
259	622	6.63
859	398	17.51
48	762	-1.35
291	315	0.07
838	839	-12.85
294	420	3.92
873	104	16.75
47	836	-16.45
357	767	9.51
104	758	-1.36
717	87	-4.26
235	761	16.43
46	898	10.31
921	601	-6.9
657	21	12.89
218	251	-12.84
921	33	16.46
447	468	17.17
415	199	-12.54
691	622	-7.48
717	656	-19.79
323	585	4.48
806	926	8.38
675	197	1.22
341	590	3.4
594	44	-15.43
509	365	-12.56
958	189	1.25
937	235	-13.56
460	541	17.6
56	835	-19.15
407	65	-3.72
298	727	-7.99
64	343	2.32
795	544	12.32
589	496	2.55
667	635	10.83
157	727	4.36
400	37	-15.51
745	409	-17.77
162	926	-18.21
616	126	14.56
999	173	-3.4
649	569	-11.58
508	733	19.85
437	330	-12.99
660	405	-10.74
275	30	-7.91
708	603	-16.2
973	134	10.41
968	167	-12.35
725	238	-7.69
556	742	-4.91
112	784	-9.28
798	403	-17.17
511	276	0.3
596	317	4.17
373	124	-17.39
111	855	2.01
533	962	15.68
277	228	-5.53
425	684	-0.44
912	787	-18.55
361	613	-17.72
494	471	16.58
547	291	17.63
519	591	-0.48
419	244	17.27
773	262	-4.54
310	91	-4.82
62	584	14.9
268	695	7.05
586	544	-15.35
236	933	2.92
52	743	7.63
771	991	16.43
913	588	3.14
501	52	3.0
944	654	10.84
206	974	11.9
858	156	-1.42
283	89	2.53
868	918	19.74
521	797	7.36
344	905	-17.61
488	861	-17.32
360	743	-16.66
643	98	-4.37
837	810	14.25
273	622	-18.92
80	443	7.97
908	634	-3.41
460	361	-4.14
691	486	13.62
649	585	6.42
148	60	-7.25
922	694	13.39
685	469	17.56
4	176	-2.19
27	185	-19.62
21	27	7.68
908	960	3.06
945	119	-17.64
156	660	-19.23
536	259	-11.53
995	663	15.99
175	572	3.64
347	827	18.33
15	74	2.11
481	478	6.64
805	818	11.02
453	313	10.38
331	985	9.5
971	407	0.61
230	66	-2.87
50	86	-19.28
975	148	17.17
61	604	11.76
80	696	-9.1
849	888	12.77
376	191	-9.49
200	335	-2.1
877	293	-6.54
646	242	-16.66
306	146	-0.35
72	412	3.58
956	850	-6.39
281	663	-0.81
696	663	-9.67
153	460	11.85
673	437	-18.72
867	201	-14.95
561	986	12.58
91	60	9.82
961	850	6.39
120	895	-8.03
1	452	-17.05
711	755	-18.93
422	433	0.17
76	471	-6.5
238	66	-12.33
665	516	-2.39
533	90	-3.43
310	546	-8.37
747	941	-4.05
644	6	1.14
306	260	6.77
863	111	-10.22
842	295	10.27
516	665	0.95
227	911	-17.84
473	340	-19.78
412	727	8.53
236	128	18.42
120	575	7.37
127	848	-11.71
876	378	-19.71
824	946	-18.94
927	717	13.1
933	898	-1.06
637	538	-12.98
911	233	-2.14
359	792	8.94
780	211	18.04
169	327	16.45
514	969	-19.55
382	959	-8.02
344	556	1.05
135	935	-11.09
895	82	-4.23
452	196	17.75
460	616	13.98
88	406	16.63
221	64	0.79
391	537	-16.58
195	865	19.7
560	142	-3.17
247	762	10.12
753	770	-13.31
872	951	-3.88
416	142	14.85
820	75	10.4
867	516	1.83
337	700	-1.95
735	172	-1.3
737	857	-12.28
874	235	-10.71
213	167	-12.0
597	165	-8.15
958	108	18.28
585	753	19.4
599	14	17.43
226	294	2.03
582	837	13.42
394	61	-9.06
903	647	19.14
1000	1000	1
