Call to appendRow() returned success.
Call to appendCol() returned success.
Printing output of find(6.0): 
Printing output of find(-6.0): 
Printing output of find(-6.7): 
Number of rows = 102
Number of columns = 102
Call to update(2,5,-1.0) returned success.
Call to update(10,10,1.0) returned success.
Call to update(11,11,2.5) returned success.
Printing output of entries(): (1, 42, 9.65) | (2, 5, -1.0) | (10, 10, 1.0) | (10, 39, 16.33) | (10, 46, 12.9) | (11, 11, 2.5) | (13, 47, 3.1) | (18, 9, 19.91) | (18, 45, 6.84) | (21, 14, 7.44) | (25, 11, 11.5) | (25, 29, 12.0) | (29, 41, 12.83) | (30, 38, 4.61) | (31, 23, 13.08) | (33, 39, 6.74) | (34, 7, 6.83) | (35, 6, 13.27) | (36, 45, 5.91) | (37, 24, 4.31) | (41, 25, 1.67) | (46, 36, 9.33) | (46, 46, 16.41) | (47, 47, 3.3) | (52, 2, 6.65) | (58, 43, 7.05) | (69, 11, 11.07) | (69, 28, 4.75) | (80, 34, 0.22) | (91, 17, 6.84) | (97, 49, 14.67) | (100, 25, 12.14) | (100, 100, 1.0)
Call to insertRow(1) returned success.
Call to insertCol(4) returned success.
Call to insertRow(-2) returned failure.
Number of rows = 103
Number of columns = 103
Printing output of entries(): (2, 43, 9.65) | (3, 6, -1.0) | (11, 11, 1.0) | (11, 40, 16.33) | (11, 47, 12.9) | (12, 12, 2.5) | (14, 48, 3.1) | (19, 10, 19.91) | (19, 46, 6.84) | (22, 15, 7.44) | (26, 12, 11.5) | (26, 30, 12.0) | (30, 42, 12.83) | (31, 39, 4.61) | (32, 24, 13.08) | (34, 40, 6.74) | (35, 8, 6.83) | (36, 7, 13.27) | (37, 46, 5.91) | (38, 25, 4.31) | (42, 26, 1.67) | (47, 37, 9.33) | (47, 47, 16.41) | (48, 48, 3.3) | (53, 2, 6.65) | (59, 44, 7.05) | (70, 12, 11.07) | (70, 29, 4.75) | (81, 35, 0.22) | (92, 18, 6.84) | (98, 50, 14.67) | (101, 26, 12.14) | (101, 101, 1.0)
Call to update(2,5,-2.0) returned success.
Printing output of entries(): (2, 5, -2.0) | (2, 43, 9.65) | (3, 6, -1.0) | (11, 11, 1.0) | (11, 40, 16.33) | (11, 47, 12.9) | (12, 12, 2.5) | (14, 48, 3.1) | (19, 10, 19.91) | (19, 46, 6.84) | (22, 15, 7.44) | (26, 12, 11.5) | (26, 30, 12.0) | (30, 42, 12.83) | (31, 39, 4.61) | (32, 24, 13.08) | (34, 40, 6.74) | (35, 8, 6.83) | (36, 7, 13.27) | (37, 46, 5.91) | (38, 25, 4.31) | (42, 26, 1.67) | (47, 37, 9.33) | (47, 47, 16.41) | (48, 48, 3.3) | (53, 2, 6.65) | (59, 44, 7.05) | (70, 12, 11.07) | (70, 29, 4.75) | (81, 35, 0.22) | (92, 18, 6.84) | (98, 50, 14.67) | (101, 26, 12.14) | (101, 101, 1.0)
