80	89	-13.103
14	52	13.566
26	73	-2.222
36	44	12.933
72	75	-18.349
79	9	7.015
96	85	-9.688
88	50	-1.614
46	63	-3.91
28	73	-2.51
56	3	11.396
67	87	-5.275
16	7	4.464
18	6	6.397
41	99	-10.365
68	83	-17.792
57	14	0.255
95	100	19.207
52	70	19.366
73	87	3.547
72	13	-15.512
39	5	-18.204
24	82	-6.421
99	31	13.247
23	64	-2.923
15	74	-8.27
65	52	-5.098
63	65	18.007
77	98	-0.861
69	79	-8.836
9	73	9.918
77	60	13.484
11	87	0.298
77	6	15.64
31	14	17.238
89	63	7.167
26	69	-12.813
95	54	11.082
32	74	6.254
36	19	4.184
86	74	7.561
73	52	-18.969
9	17	-3.478
89	28	-18.409
61	4	16.484
92	58	-7.086
55	80	-17.078
19	18	-5.765
96	55	-0.153
72	22	-17.508
9	41	18.168
38	40	10.058
89	95	11.252
45	21	16.613
42	14	-4.385
24	20	19.069
27	77	16.064
99	91	-10.955
31	66	0.082
38	36	-8.793
42	4	-14.912
94	83	11.628
35	4	10.302
99	81	-6.032
56	78	11.653
100	81	-16.863
68	67	-13.377
94	68	-10.833
95	5	-3.618
44	56	8.315
89	94	-8.276
43	89	-3.088
80	14	13.885
7	73	14.852
58	31	7.62
12	57	-0.625
4	61	-4.405
11	50	-12.432
73	83	5.734
61	6	-9.473
85	10	13.142
2	72	-1.366
41	37	-8.319
33	90	-5.132
71	21	10.462
44	57	12.875
38	17	-1.048
55	69	3.258
73	32	18.941
21	61	1.564
23	53	14.856
31	40	16.759
38	56	1.375
15	53	17.843
95	51	4.603
98	1	18.074
13	79	9.715
11	75	-1.161
69	66	-7.316
78	70	-8.229
100	47	-5.415
38	3	-2.958
29	5	-10.283
48	56	-0.746
5	24	18.339
30	64	-11.641
62	72	6.443
41	84	16.542
68	88	16.119
61	46	12.642
35	57	-11.456
86	85	-9.892
4	44	-14.859
99	17	11.146
35	20	7.283
49	77	-11.143
53	70	15.394
27	31	0.75
38	86	-4.889
17	57	10.013
63	49	13.792
64	75	2.288
8	53	12.998
30	99	-11.107
93	56	-7.586
79	87	10.993
95	2	5.018
34	46	12.894
65	69	17.901
61	100	-15.11
34	36	9.25
79	69	16.337
84	66	3.301
0	79	16.484
75	0	19.274
73	89	4.895
69	9	16.243
54	81	2.019
68	74	19.798
44	48	-0.079
43	11	6.917
22	42	18.872
98	27	-3.681
54	40	-15.519
3	72	18.969
89	43	5.573
10	66	-18.929
40	77	8.444
49	9	9.134
14	76	4.979
16	35	-1.997
17	39	15.305
0	81	1.38
57	52	-14.227
54	100	13.371
79	50	-5.417
22	94	-12.948
96	17	15.919
69	35	10.784
88	12	13.222
94	31	4.669
8	16	5.742
78	72	17.222
75	12	14.1
79	67	-8.665
42	2	-18.969
50	34	8.175
88	67	-5.671
68	63	-9.645
25	53	-3.267
70	68	-11.299
72	82	19.374
67	73	-10.1
7	90	-18.076
42	26	14.485
17	1	14.819
33	92	14.757
59	93	11.728
17	12	4.352
41	54	-7.169
47	31	1.925
18	20	13.376
61	48	17.755
76	2	19.897
84	85	-6.102
47	48	2.731
31	62	0.39
98	85	3.611
47	60	-8.682
97	24	-19.463
59	42	19.801
42	5	13.805
87	69	16.529
42	80	5.583
34	6	8.166
4	24	3.16
27	47	-11.89
65	93	-14.386
40	15	17.517
38	82	-18.772
92	72	-10.273
41	24	-17.224
50	78	-15.724
73	42	-11.788
50	60	-6.177
79	40	-11.988
60	100	-14.027
78	19	8.253
43	8	-6.304
70	15	-1.358
86	100	-14.251
61	33	-16.156
69	98	-17.694
44	25	18.313
7	33	15.791
85	84	18.965
78	27	2.869
46	21	-10.05
48	84	0.572
9	9	-7.885
69	83	-6.236
21	89	15.659
92	49	-11.185
85	6	13.258
87	97	-6.423
85	78	19.937
22	4	-6.573
64	76	-18.139
52	56	-1.232
4	61	-14.273
66	30	6.419
27	66	4.007
91	55	6.808
42	92	1.736
17	18	19.891
60	74	-2.535
84	21	18.124
47	60	7.426
56	34	4.598
67	1	5.206
53	54	10.617
35	89	5.608
74	41	1.975
25	18	5.557
44	4	11.651
80	12	3.852
8	24	9.534
83	79	-7.991
5	73	17.66
59	17	5.545
31	37	15.063
65	67	10.139
19	50	0.683
76	59	-18.693
69	17	-18.332
10	73	12.983
83	99	-10.528
23	40	5.984
50	76	-6.215
0	52	18.911
2	87	-6.154
73	64	-12.539
96	84	-15.981
48	73	-14.928
96	94	2.389
81	5	15.838
41	20	-9.923
61	27	13.072
21	34	-10.589
73	2	-0.188
60	28	-6.814
74	49	5.727
70	56	-17.012
93	61	1.048
2	26	-12.982
95	66	14.659
20	27	0.905
67	47	-15.255
21	21	8.923
52	41	13.475
34	49	-19.642
10	62	14.309
58	20	-13.339
55	34	-1.639
53	13	3.845
24	78	-4.362
72	44	-13.568
87	68	-16.796
24	66	7.399
57	7	4.861
41	66	2.051
24	90	0.028
63	93	19.316
49	71	10.304
88	81	-8.716
29	54	6.655
82	6	4.944
74	18	-6.268
29	94	-11.368
26	66	-17.684
92	77	9.236
81	64	4.109
71	34	-15.903
35	53	13.129
64	4	-15.819
17	66	-16.933
32	25	-5.883
17	80	-9.958
59	72	-8.26
7	56	-3.677
29	89	-0.933
30	38	0.037
40	94	1.345
48	85	15.044
27	23	-3.318
39	75	13.161
31	41	16.862
10	24	-7.017
74	39	6.084
83	25	-7.053
61	95	-7.211
15	53	19.008
48	20	12.882
25	34	-9.867
21	91	-17.768
48	55	-14.771
31	83	-3.55
48	29	-8.678
85	72	8.103
89	52	10.048
17	23	-17.466
71	76	-3.256
40	31	8.735
56	37	-14.358
20	86	-8.525
93	1	0.391
47	73	5.851
68	39	-8.227
30	12	-4.542
7	33	19.276
57	13	4.534
81	77	15.854
40	37	-6.439
86	6	8.247
79	87	-12.322
73	27	11.274
84	80	-4.899
41	53	-17.087
79	45	18.083
94	83	-11.814
1	58	-4.582
12	11	16.896
88	25	10.581
70	49	-16.842
69	97	-4.856
53	21	-16.169
6	89	-10.667
25	42	11.897
97	22	5.429
83	50	0.777
8	27	-7.966
26	18	4.825
15	17	19.644
40	55	-12.391
58	66	17.146
64	44	-16.727
20	50	-13.333
14	77	-8.431
36	9	0.553
44	16	-9.31
92	29	10.539
2	49	-13.757
52	19	6.93
95	66	-8.092
44	74	-8.828
11	67	-5.974
39	33	-14.086
33	94	-11.867
45	37	11.209
1	96	12.641
79	37	3.528
48	95	15.096
90	55	8.95
68	77	9.685
68	33	16.991
12	86	-4.223
88	42	0.277
10	33	1.204
72	60	-2.833
18	77	1.402
8	44	9.14
74	53	-12.965
40	37	18.534
22	44	16.604
5	27	-12.013
25	59	-0.664
42	16	9.397
75	66	8.268
85	99	19.818
10	47	16.989
43	50	6.341
98	34	-0.495
3	24	9.006
56	85	-19.417
21	86	-16.851
92	83	12.201
81	26	12.324
13	35	-8.806
50	11	-11.388
96	60	8.179
3	78	15.099
73	9	-10.128
4	30	9.427
13	62	-16.607
49	7	18.73
71	30	11.438
21	0	-2.754
91	94	-18.959
2	9	3.024
66	97	-5.758
31	10	11.292
3	18	14.441
53	94	-2.523
99	16	19.888
54	100	-5.363
71	11	3.848
36	35	10.478
67	50	13.588
53	75	-11.543
0	5	-17.456
8	78	-4.966
74	14	0.814
85	77	9.084
77	91	17.39
39	57	0.913
29	81	0.674
79	54	9.262
26	82	3.787
95	13	-13.265
31	64	-6.115
26	73	-14.378
21	11	7.628
89	35	-0.098
12	54	-11.951
97	55	-0.418
86	43	8.532
99	2	-13.291
16	82	6.448
50	24	7.605
17	37	11.437
23	39	11.183
85	72	12.886
12	35	-8.065
53	73	-1.848
98	58	-16.114
49	73	9.702
39	79	14.768
44	6	14.377
37	54	17.823
93	96	13.687
46	34	-9.456
80	79	16.494
80	46	-1.207
23	15	13.483
87	94	-6.001
4	6	-12.699
83	8	14.74
60	26	-2.748
86	42	-6.661
15	93	-8.817
71	95	-3.833
5	60	-13.755
66	70	-7.762
29	38	1.511
90	27	-13.453
25	40	8.81
81	8	-7.412
83	76	19.375
47	3	9.144
31	19	1.842
42	33	10.128
43	8	-5.632
15	26	-15.505
57	98	-14.169
72	46	-15.052
53	1	-5.46
14	99	-11.537
88	27	8.249
64	80	9.922
68	86	-13.47
62	28	-11.337
24	12	-12.089
29	97	-9.316
34	23	8.48
62	60	6.003
93	93	-18.236
54	74	15.982
59	59	-11.327
20	11	7.441
60	96	-12.417
3	77	-12.401
58	74	12.399
69	58	-16.536
15	27	-2.547
82	72	14.857
65	60	8.372
0	8	-17.252
5	0	17.331
65	37	15.427
39	14	3.385
1	34	13.758
1	82	2.92
68	60	19.144
77	58	5.093
1	36	16.055
26	3	-10.701
87	5	16.293
50	20	14.939
66	14	6.511
91	95	-13.501
14	89	-19.234
32	68	-14.391
39	55	-16.617
95	10	-12.52
84	71	-14.384
77	41	16.866
15	11	17.071
19	19	0.22
100	12	-3.808
90	99	-7.426
95	30	-10.702
56	38	-16.346
6	90	-3.195
88	32	-15.796
51	41	16.79
56	43	-4.133
65	94	9.179
66	95	-14.511
47	66	-4.983
78	9	-11.325
42	95	0.226
33	23	12.637
47	63	-0.741
51	61	11.877
24	95	-8.441
13	89	9.434
96	55	-3.023
65	66	-12.349
98	10	-17.8
35	7	-9.14
45	89	-10.451
67	80	-0.8
55	84	6.724
83	72	2.82
3	13	0.948
86	99	-6.828
39	40	10.714
75	40	-11.407
88	83	-1.019
38	42	-3.061
58	55	-12.259
56	4	9.107
77	36	-19.325
24	9	5.43
89	7	-8.47
6	45	-2.185
1	31	14.9
73	19	11.508
90	65	18.95
18	95	2.972
59	2	-10.918
12	16	17.451
29	52	-17.475
40	72	15.213
41	58	-9.29
91	15	5.951
49	88	3.746
28	50	6.398
66	9	9.156
41	14	7.924
36	69	19.957
83	18	8.337
7	73	8.951
37	53	4.125
99	0	9.081
9	65	-5.126
89	36	-6.606
38	14	-17.81
62	60	16.653
33	55	6.19
60	12	-5.145
63	89	-4.556
70	67	11.367
57	96	-4.789
58	14	5.476
93	29	6.345
69	21	12.805
47	25	-13.193
40	80	-14.364
35	78	-17.665
68	37	-14.189
64	85	-7.489
7	60	-7.851
60	14	-1.397
82	94	-10.356
92	27	-9.166
65	73	7.048
38	97	-18.053
45	9	9.197
44	96	12.334
70	70	12.576
10	29	8.835
28	63	-3.682
38	26	4.183
94	9	7.315
35	66	-14.714
74	31	-12.726
38	75	9.047
30	11	6.038
79	86	-14.505
10	65	-10.474
79	66	5.674
9	75	-6.303
70	79	19.374
83	2	11.957
1	100	-18.349
28	71	-16.435
68	63	15.504
15	23	-5.745
63	70	2.109
85	63	-14.762
27	90	12.92
91	35	15.486
63	41	15.218
87	73	12.185
20	47	-7.192
44	76	15.87
79	50	-17.627
89	51	-13.081
83	87	-16.408
59	44	-4.54
95	12	-19.449
88	2	7.632
90	12	-11.701
4	67	3.061
49	63	13.219
46	65	-18.594
64	62	-16.47
79	79	-11.482
87	34	3.953
57	89	-11.778
89	23	12.395
42	39	-1.202
2	27	16.866
61	22	-8.427
14	96	3.752
75	69	-4.221
99	48	13.906
29	3	13.69
94	75	-13.327
2	100	-13.651
76	14	-10.886
12	27	15.274
73	68	13.055
79	85	8.291
100	51	2.228
29	19	-4.557
84	54	-9.886
54	86	13.885
45	47	-2.406
85	71	-15.132
61	96	2.442
2	36	2.073
38	87	-11.979
71	70	-14.847
47	76	2.835
37	80	12.41
77	45	-2.714
47	64	-19.37
57	64	6.529
31	10	-12.02
39	59	-10.608
37	54	-15.535
71	15	-18.158
56	84	-15.848
63	90	-10.859
90	14	10.112
19	93	-2.24
26	15	18.666
78	81	17.005
5	96	-14.92
59	65	2.978
63	17	0.424
81	34	6.999
58	16	-4.392
42	60	4.369
39	84	11.715
5	15	-19.56
36	8	16.622
71	42	-4.568
9	75	14.446
33	75	-12.989
79	32	-16.052
67	48	-16.495
71	66	6.765
96	27	13.985
94	50	9.055
31	78	16.43
68	60	9.308
38	2	5.148
45	90	7.91
30	20	12.991
55	54	-19.407
66	29	6.749
6	25	12.537
79	29	15.95
30	59	-7.334
11	48	7.401
37	29	10.28
21	82	11.373
31	56	-9.986
97	54	0.516
15	74	11.818
39	44	5.538
75	86	19.685
78	74	5.0
84	40	16.044
56	22	0.628
89	12	11.4
48	1	8.623
38	39	6.565
78	2	-12.719
39	8	-3.259
85	91	-19.395
35	41	-6.656
82	88	-16.425
72	82	-11.991
8	26	-16.857
2	78	-9.304
32	57	-15.567
64	21	-16.657
69	31	-2.863
13	86	10.09
63	5	-6.018
14	76	-3.686
45	83	0.303
39	16	-7.06
92	30	11.444
44	54	18.228
51	92	-19.03
88	10	10.075
37	16	-6.433
5	95	5.704
67	31	11.333
82	33	-14.689
74	20	18.092
32	5	-13.905
7	49	3.756
11	83	19.359
96	29	-10.984
56	63	3.899
78	77	3.043
17	63	3.217
15	78	13.617
34	80	18.663
29	11	-16.917
27	9	17.271
89	30	6.254
26	24	6.909
64	65	-3.071
87	12	19.927
25	90	10.286
69	75	-8.65
93	80	-15.197
30	63	-0.98
18	95	0.651
75	95	-11.461
62	15	4.777
37	51	-14.412
89	65	14.48
77	44	0.492
94	32	1.307
30	76	-2.273
20	34	10.107
43	31	0.851
25	66	-12.528
62	70	6.827
37	4	8.46
10	27	14.949
72	29	-8.808
81	11	8.691
7	89	-17.531
84	29	17.084
20	36	-5.079
10	99	-9.912
66	33	-5.301
68	90	1.342
32	7	-12.763
50	30	5.664
88	95	-15.03
99	14	10.897
81	93	-7.022
53	7	6.298
77	99	16.826
48	52	5.948
80	76	17.105
82	29	-8.439
94	23	5.553
72	6	9.156
51	91	3.463
73	22	16.36
91	92	-4.856
9	25	15.817
7	14	-7.011
2	88	9.83
20	16	16.557
59	72	-16.2
78	36	4.575
85	0	-9.488
47	34	2.99
76	54	-13.408
16	92	8.386
13	2	15.808
21	85	7.737
54	90	-8.794
89	48	15.654
94	57	-6.514
98	52	-18.942
1	98	-11.127
23	14	1.893
82	48	-3.689
60	94	14.311
78	28	-1.799
32	100	-19.804
65	6	-4.751
6	27	16.346
84	47	9.333
24	15	0.469
14	58	-6.764
12	39	19.607
27	34	6.455
70	54	-11.179
6	91	-17.495
62	15	-5.511
44	45	15.774
25	86	6.188
47	94	14.425
55	100	11.713
41	93	-19.272
3	20	8.372
43	67	6.613
76	38	17.499
4	32	-10.363
87	89	-10.201
7	74	-1.786
8	55	13.408
6	76	-8.491
81	70	-12.477
11	95	13.77
37	83	-10.969
87	50	14.208
38	84	-6.64
86	16	4.434
7	47	16.668
59	63	6.168
65	19	-7.496
56	29	1.073
11	28	8.217
58	19	14.492
73	6	-0.236
94	11	-12.8
80	53	-2.254
65	54	-12.474
70	81	-6.411
25	54	4.343
22	60	12.572
72	97	-19.176
4	86	19.583
16	35	-5.543
51	23	-12.912
76	9	-15.642
1	15	18.888
41	75	19.962
10	42	-0.545
80	73	17.907
46	44	-13.398
69	74	19.134
77	62	-11.42
59	68	-1.721
100	31	14.67
68	39	18.921
63	37	0.324
71	9	-6.449
85	59	10.124
57	16	-6.402
65	75	-0.488
0	11	-9.387
70	94	-9.722
13	59	-3.441
73	81	8.043
30	39	-11.389
81	77	-9.661
89	84	4.778
39	54	10.073
90	12	17.261
49	93	9.814
45	89	-5.222
83	29	12.615
33	15	7.578
13	85	0.403
67	79	-6.627
11	1	15.065
6	61	12.873
36	50	16.304
59	32	16.723
80	30	-6.05
27	27	-11.627
62	84	-11.64
89	78	18.65
32	12	12.567
2	94	13.6
5	16	17.784
30	88	10.727
47	75	14.324
1	4	-5.637
22	58	19.999
68	71	8.593
74	44	-19.694
18	2	-12.457
26	92	5.491
83	53	-13.793
64	64	-11.441
84	47	18.081
23	68	10.897
57	76	-5.283
5	4	2.362
20	79	-0.941
91	70	-17.22
93	62	-0.848
79	80	-7.207
50	78	5.0
79	29	-0.651
3	22	0.694
77	2	-19.36
30	44	19.73
41	23	18.532
78	9	18.891
70	24	-6.76
100	88	-17.503
97	57	19.127
30	74	-18.703
21	1	-11.071
16	33	-6.404
98	49	17.764
32	13	6.116
97	9	1.785
7	9	-13.58
24	70	5.158
9	23	-6.892
83	80	19.832
70	85	-18.521
96	62	13.729
6	9	-19.176
86	9	7.415
16	23	6.057
46	46	11.112
46	61	18.123
38	96	-12.725
63	79	14.068
48	79	-18.875
32	94	10.499
5	98	-15.654
23	91	14.062
92	49	-13.866
16	65	-9.992
67	96	16.873
76	85	7.38
43	22	6.574
66	24	3.779
28	62	-4.364
81	28	8.195
31	64	-4.117
3	78	13.314
39	18	-9.629
88	20	19.472
13	78	10.51
23	88	-1.439
2	95	16.555
75	46	-6.139
87	21	16.026
99	26	18.608
100	97	-19.547
40	91	12.117
98	13	8.887
8	33	0.08
0	49	11.827
50	20	-18.585
91	0	3.463
100	83	-17.353
19	14	-3.856
36	29	4.279
94	100	-17.387
64	34	-11.18
97	58	12.374
47	8	-4.921
88	73	-12.158
83	99	0.232
76	86	-9.029
32	7	9.279
60	93	-13.462
6	55	-2.882
12	48	19.69
81	71	-19.593
61	52	-9.442
19	92	9.378
58	63	18.226
60	42	7.221
89	76	-6.979
40	13	-19.726
86	69	6.983
86	97	-18.637
88	36	-3.269
95	27	4.272
8	38	-12.827
78	77	-17.23
6	93	4.017
42	24	-4.945
80	46	-0.328
29	16	9.507
65	70	-3.526
11	96	-4.724
50	21	-17.168
56	96	-8.054
27	22	3.403
9	99	-4.033
55	14	-6.637
42	26	16.097
62	9	-16.9
71	0	5.984
97	81	16.183
4	3	-19.348
96	79	-9.189
21	72	0.348
83	11	-17.549
26	74	6.487
33	16	7.122
73	16	-2.003
66	58	10.184
4	7	-2.356
6	98	-17.788
52	85	12.262
7	71	3.94
60	95	-6.443
64	65	-13.941
50	57	-17.159
22	88	15.221
20	33	-17.838
71	1	-9.624
82	70	-19.272
82	5	10.856
36	31	17.457
2	44	2.599
24	87	-19.829
5	24	2.203
51	73	-16.98
4	92	1.131
2	14	-1.947
19	92	-5.807
33	26	-6.974
38	37	-13.534
40	91	-6.015
7	98	-13.875
10	11	-2.28
21	47	-1.179
79	66	3.351
60	25	-2.844
79	70	-5.245
43	41	-18.006
66	54	10.624
2	36	-0.797
60	81	4.499
90	70	-0.802
19	64	-3.143
43	84	6.877
33	82	-9.724
69	70	-0.544
28	78	8.773
40	25	-7.85
44	65	-10.18
17	44	4.893
79	94	8.826
100	10	9.817
18	21	-4.515
15	75	8.989
61	99	-14.781
57	36	2.879
33	13	-2.193
70	70	-0.844
52	50	-2.338
7	5	8.692
15	8	2.372
68	71	-15.114
44	56	-2.648
34	62	6.996
29	93	0.697
57	57	15.695
79	46	4.227
84	7	-10.613
49	19	-13.69
73	76	-6.982
79	18	16.423
67	44	-12.12
9	21	16.66
95	84	-7.192
20	30	7.611
34	25	0.242
53	53	16.739
61	18	11.347
30	29	13.647
85	95	13.425
53	55	4.435
36	98	15.55
92	58	-2.601
69	95	11.041
55	84	-16.994
10	97	13.534
99	46	11.906
67	79	14.438
28	77	12.546
73	93	-16.47
28	19	-15.708
63	5	-0.946
58	61	0.222
19	98	-3.236
8	90	-5.989
57	9	0.801
54	25	-11.038
61	3	-5.024
67	72	1.499
21	25	-18.477
2	73	-3.949
59	63	-11.98
8	67	9.784
46	26	-1.985
77	40	1.785
26	31	8.936
74	23	-13.869
29	33	-14.886
22	84	16.827
28	26	12.294
23	55	1.579
31	16	-3.017
36	19	-1.816
32	97	13.381
28	0	6.78
71	27	11.932
19	35	-14.192
92	31	3.773
38	87	11.62
46	36	-12.635
12	100	7.436
7	33	17.303
61	3	-11.718
2	77	9.777
6	69	16.742
53	59	-4.678
95	95	19.48
64	3	-10.547
1	52	-0.956
4	33	-16.444
100	63	-12.145
25	28	-6.13
68	70	14.759
66	76	-14.731
55	52	7.087
39	39	-0.406
55	12	16.999
91	73	15.242
29	25	-3.059
61	10	2.645
36	62	2.271
37	55	-5.072
98	15	18.342
49	65	-6.181
69	50	8.16
24	66	6.841
49	49	6.572
43	9	-13.352
55	7	-8.784
88	49	3.337
98	59	4.443
3	3	-7.105
20	84	15.225
32	33	7.894
63	39	11.168
83	9	-9.74
17	51	-6.881
50	4	-5.907
16	9	-14.865
35	30	11.571
7	83	-1.979
60	31	-17.068
82	62	15.99
44	7	11.367
21	55	-5.971
52	89	8.036
21	30	-19.592
31	97	6.718
53	83	18.522
73	98	-7.978
17	45	12.429
94	13	-8.596
56	4	9.836
68	72	13.972
20	53	-10.858
18	4	12.198
42	65	-17.978
81	40	-12.995
43	8	-0.027
8	18	2.987
27	13	-11.283
37	40	-8.408
76	50	-11.888
9	77	-18.498
68	64	12.393
21	69	5.177
98	80	1.575
26	50	18.864
43	28	0.115
53	34	-18.297
62	96	9.583
79	89	-14.439
26	65	5.599
9	1	-10.489
62	46	15.795
5	11	-12.892
57	31	-18.244
95	96	-7.05
4	8	11.269
27	66	-4.221
25	73	17.486
56	19	-13.36
85	98	-19.81
3	4	3.308
63	48	-2.268
92	33	4.28
21	89	11.984
19	51	-13.321
76	29	18.382
57	36	-13.318
92	5	12.533
66	32	5.689
15	14	-16.779
27	5	15.121
78	74	15.066
75	54	9.452
69	52	19.052
6	50	-5.991
32	26	6.43
63	64	10.433
17	2	12.455
31	58	11.106
88	81	-14.654
65	97	-0.411
100	34	13.224
3	40	-3.299
73	45	-18.986
57	33	-7.895
10	11	-19.559
3	4	-6.589
67	69	-17.362
72	3	11.089
62	85	-12.314
83	75	17.276
21	51	7.373
27	78	-5.772
66	62	5.888
61	71	-3.684
49	42	3.728
25	28	7.248
44	54	-12.087
91	93	-19.492
20	76	10.2
65	77	15.67
61	25	14.603
52	65	9.778
90	82	16.929
77	29	19.109
74	45	4.941
71	19	7.613
84	88	13.74
9	75	8.202
99	45	-17.955
95	7	11.105
64	60	-6.412
28	48	18.661
59	55	7.968
6	24	4.095
71	95	5.376
70	3	-18.864
82	38	0.272
0	66	10.012
24	31	-12.657
72	49	7.798
68	1	15.951
33	99	-6.251
9	78	3.149
23	57	0.757
59	16	-17.177
72	54	-5.671
14	97	-4.064
37	93	-5.925
83	92	-2.377
84	73	2.727
51	54	-18.087
86	90	-6.544
15	59	-11.634
99	90	-1.393
95	28	6.44
69	7	-17.402
56	89	-3.167
69	57	10.247
25	1	12.819
48	4	-18.808
10	8	1.848
54	68	-11.879
53	68	17.537
69	7	-6.503
27	34	-19.126
71	84	-18.799
14	50	-15.099
57	86	9.714
22	43	7.127
69	68	-8.416
35	23	-17.37
13	71	-11.963
61	70	4.297
61	80	13.071
44	65	3.319
28	1	-5.766
49	36	-4.456
41	8	-6.694
76	50	-6.991
3	30	-12.865
100	18	-11.8
55	37	13.523
72	81	-5.001
60	92	7.478
8	26	-15.48
47	73	10.653
69	89	-9.61
38	87	-10.165
2	4	8.331
39	44	15.47
30	61	8.8
47	36	10.98
64	49	19.534
40	2	-3.194
74	62	10.312
8	25	5.167
46	84	3.336
38	64	17.675
5	44	-4.967
83	19	-16.357
79	64	8.796
35	7	2.648
21	64	4.027
76	17	2.055
51	24	10.61
7	98	-15.332
64	61	-0.625
71	87	9.315
66	40	3.016
97	76	-1.005
14	33	3.34
5	14	0.841
53	81	8.231
75	91	-16.836
82	99	17.256
47	65	2.49
13	66	-8.22
52	50	5.546
37	34	-5.934
100	79	-12.457
64	17	3.465
58	35	-3.498
59	92	13.239
54	93	-19.154
62	22	-0.805
77	50	-10.128
60	19	-19.603
26	45	-9.641
47	49	-13.697
73	70	0.093
71	72	12.197
9	58	8.404
9	96	16.235
30	46	-17.153
68	48	-8.667
67	7	-11.219
62	84	2.961
47	92	3.978
50	5	2.491
87	70	-8.704
86	74	10.108
4	25	16.55
60	92	13.849
26	58	9.629
75	32	15.587
96	70	-11.87
27	10	-7.835
93	77	-9.605
55	34	-14.921
12	5	-13.597
69	74	19.108
13	56	-3.158
93	93	3.252
33	81	-1.146
14	2	7.991
50	30	-5.763
43	97	2.811
20	65	-2.499
8	54	-8.121
36	2	-16.635
83	22	-12.045
76	0	17.215
62	58	13.686
79	18	-6.564
28	62	-9.428
99	93	-8.809
86	42	-9.936
58	5	19.898
95	30	7.714
4	34	18.047
98	51	13.867
96	14	1.587
99	30	5.417
16	51	-17.916
57	7	7.061
66	45	-12.763
85	37	15.258
61	14	19.058
92	93	-0.942
88	67	-8.965
99	26	-10.297
10	22	8.14
17	30	15.263
47	80	-0.884
49	51	16.462
9	7	5.971
94	41	16.752
68	15	-3.028
81	36	2.333
99	80	16.998
83	10	-14.029
50	42	-18.499
75	69	-2.482
40	40	1.417
90	70	12.153
16	51	-1.177
22	53	-9.024
33	22	-2.46
83	81	10.601
30	76	5.713
88	99	-15.912
73	84	18.948
74	95	-0.029
56	7	-0.056
76	70	-12.167
51	44	-15.28
58	6	-16.914
71	41	1.823
31	56	-5.716
55	11	-2.402
52	79	-2.241
74	18	-14.139
98	94	-16.172
4	78	-1.044
14	75	16.699
59	77	15.635
42	27	-4.865
53	79	15.762
13	6	-18.97
42	52	7.432
25	74	-10.262
78	30	10.535
62	84	4.227
75	59	-12.584
91	30	-9.191
15	84	-8.746
64	52	-17.676
93	65	-19.695
95	96	6.963
18	48	-12.636
34	70	7.671
69	43	9.077
67	22	-13.964
68	22	-3.741
20	98	-11.673
12	75	16.158
71	48	-10.578
15	14	7.6
36	42	-3.102
60	34	-2.864
50	68	2.906
3	6	18.763
8	41	-9.254
78	93	-11.708
85	37	-8.766
46	91	-7.089
42	97	9.505
83	38	-3.177
52	77	11.191
61	69	0.899
9	80	4.255
77	41	8.747
89	0	-11.589
28	58	-10.878
32	95	-7.896
34	95	-6.546
16	41	-8.569
92	85	-7.072
13	22	-13.062
50	36	18.84
54	70	-8.187
27	59	17.31
16	44	-5.675
19	12	11.71
30	38	19.163
73	5	-16.585
2	23	-6.87
27	90	8.472
74	26	-0.691
59	100	-7.546
55	53	-8.961
86	24	-4.633
22	38	-8.267
83	10	-15.337
81	57	-11.489
34	54	-15.387
56	95	9.079
34	75	2.617
91	8	-1.351
6	45	-18.073
23	8	-12.112
92	33	19.952
21	3	-11.565
52	97	0.935
90	35	13.426
11	6	-11.897
25	62	-13.176
90	78	-8.03
78	17	-1.021
94	47	-2.862
32	38	-2.685
16	10	0.747
12	9	-5.5
77	54	14.214
95	18	-9.985
8	38	2.732
84	62	-18.199
10	77	-12.945
58	67	0.21
68	41	5.044
42	62	12.706
92	99	-16.646
92	77	-3.313
15	0	3.872
62	13	14.458
80	12	5.954
83	66	-18.976
75	53	-14.4
77	89	6.3
49	58	16.63
1	39	-14.498
84	84	-18.336
88	25	-8.438
28	31	12.311
58	80	11.899
2	44	-16.739
81	81	3.381
52	34	14.806
33	76	-2.224
62	79	-14.045
52	12	-15.371
21	87	-2.82
16	4	-5.941
29	70	-1.549
75	19	-3.449
67	49	-16.677
6	37	-7.569
64	59	12.17
37	88	-12.36
19	3	-0.086
90	23	-0.335
94	22	-9.696
13	57	-1.649
90	3	-8.77
91	15	-2.868
27	82	-2.526
38	67	2.272
60	28	-10.922
26	85	16.176
97	86	-6.052
26	52	10.726
70	63	-11.569
9	59	7.073
8	19	19.669
33	56	17.345
75	78	-18.812
56	71	18.325
3	92	10.87
48	76	-5.358
8	9	2.717
47	100	17.725
69	8	7.334
53	11	-4.616
26	36	-3.181
12	10	15.055
45	26	19.676
89	9	-18.117
40	23	7.188
60	61	-12.137
84	7	-4.433
86	27	-8.632
4	43	6.775
61	17	6.247
29	50	19.527
36	81	2.416
87	40	-1.35
32	80	-0.6
75	32	-13.641
70	97	-11.734
14	89	14.819
74	50	-19.562
83	22	15.814
47	3	-9.622
60	21	-3.194
54	65	-19.261
85	79	-1.578
52	35	-12.433
30	48	14.471
83	64	-17.465
5	98	3.081
98	55	19.956
9	90	1.278
3	45	17.297
58	65	-16.569
12	19	-13.187
57	25	10.924
45	13	6.393
95	55	-4.046
21	9	17.591
88	0	15.895
42	64	-18.109
18	68	-9.94
80	20	-16.861
62	12	11.359
34	9	-1.484
90	20	18.781
41	29	18.195
38	54	-9.688
17	1	11.496
65	94	2.411
80	75	0.055
28	58	-9.58
16	75	-19.343
35	48	-0.945
69	37	16.09
42	27	-14.073
29	2	-11.645
61	74	14.867
43	47	8.511
69	78	-1.097
35	70	14.248
31	46	-13.314
57	92	7.977
29	13	6.953
88	1	12.871
22	34	17.231
8	7	-2.871
15	43	0.966
28	98	19.121
89	83	4.159
31	79	13.074
85	29	-5.28
77	22	5.736
19	84	7.09
88	38	-2.79
73	7	-2.578
8	37	4.657
7	72	-1.139
38	0	-0.869
29	15	3.879
0	27	-15.466
27	88	7.305
83	13	16.703
100	78	-13.075
46	64	4.092
71	44	-7.842
65	85	-19.055
73	29	7.792
58	80	4.179
58	10	6.927
88	95	-16.628
10	28	-18.262
68	99	-17.333
50	29	-16.664
17	47	-9.826
69	33	16.857
28	95	-12.378
93	68	-18.374
61	7	18.33
32	57	-1.025
22	47	8.24
67	11	2.346
82	2	-0.744
22	57	-19.419
97	65	-15.705
30	39	18.46
77	33	-8.323
8	57	15.656
67	34	3.401
3	75	-19.119
94	1	8.023
27	20	-1.329
36	89	-5.77
45	52	-0.178
39	22	-8.121
75	46	-8.426
60	72	0.795
38	87	-10.137
77	85	15.283
61	33	4.434
88	97	-8.992
99	80	16.979
36	99	15.066
100	69	14.544
90	71	-7.165
10	85	-14.685
47	33	-11.151
79	16	13.829
24	32	-18.36
32	99	14.769
60	96	8.571
18	92	-18.624
40	27	8.706
91	51	8.025
78	69	14.45
99	94	8.873
35	61	3.092
87	52	-5.005
60	12	14.185
83	92	11.151
74	92	-0.486
91	32	-10.787
47	6	18.286
13	83	-7.997
56	15	-16.605
54	53	4.466
81	21	-14.156
45	59	-13.381
70	23	16.863
92	79	-10.791
25	77	15.196
60	90	-16.731
100	16	-4.069
49	23	0.865
64	6	11.996
6	58	-6.631
93	78	9.646
34	48	5.183
29	97	-6.278
94	39	-7.698
100	82	8.606
25	97	15.42
53	79	14.064
88	24	13.933
57	98	-16.559
73	81	-1.836
22	79	-6.77
14	20	-15.451
43	14	11.702
11	56	-15.266
60	76	16.09
3	67	-14.588
100	21	-10.782
39	88	3.287
28	46	12.542
73	56	10.675
22	92	7.592
33	89	-8.219
18	34	19.374
30	55	3.514
50	10	-0.83
74	66	16.372
22	37	-9.884
55	55	3.902
24	73	-6.297
3	30	17.245
25	52	4.832
94	8	-0.349
8	15	-6.004
78	12	15.864
91	0	4.401
30	78	9.704
72	93	-9.27
53	19	-10.39
4	44	-3.638
39	64	16.07
5	80	-6.61
75	91	-16.783
32	78	6.532
28	95	3.551
96	80	6.239
60	75	-13.253
35	84	15.932
51	68	3.981
76	18	10.945
59	67	5.155
60	45	-9.134
70	96	-17.292
17	87	14.303
49	95	2.109
34	70	-6.075
32	10	3.79
57	7	6.446
12	49	4.348
99	99	0.637
33	41	-9.94
44	5	-9.814
87	56	-18.715
40	10	10.17
6	95	1.406
76	84	13.943
45	43	7.763
35	53	-4.463
62	71	-6.674
79	67	8.811
8	32	15.514
17	3	-8.465
49	26	-4.075
5	78	9.593
12	19	-19.661
95	41	-9.285
3	57	-8.939
57	86	9.436
86	11	8.375
82	21	-16.828
90	16	13.807
70	95	1.363
55	77	-7.16
95	70	15.423
75	54	-14.539
86	67	-19.142
82	73	17.5
20	99	11.94
100	42	3.573
45	20	-17.437
98	37	-0.828
66	14	17.259
55	18	-10.98
92	33	-5.932
2	84	15.162
73	51	13.558
28	74	-8.335
46	14	11.207
80	9	-9.154
71	17	-1.87
21	30	-10.673
96	83	2.587
19	84	5.285
40	33	-19.863
5	43	-2.195
52	32	18.007
51	29	14.066
61	95	-17.117
40	57	8.425
59	20	-5.257
52	98	6.714
96	97	9.843
75	1	5.986
63	55	15.695
60	63	-17.875
82	60	-14.578
20	53	12.222
23	33	17.128
44	23	-11.365
48	58	12.39
41	32	18.583
65	20	-4.075
48	43	10.167
80	33	-4.702
85	94	-9.592
36	74	-18.042
99	69	-0.429
68	91	-10.708
68	40	3.623
45	72	-11.862
11	81	-0.272
89	15	-9.789
57	88	-8.472
18	14	-3.353
56	38	-4.564
71	50	-10.311
55	46	11.058
39	22	-6.789
75	88	9.667
94	1	0.785
1	62	4.77
100	84	5.269
88	98	-19.543
69	67	9.2
33	38	12.289
83	55	6.989
62	63	-16.114
6	99	4.841
47	69	-16.372
13	53	3.255
79	11	-5.041
29	43	-4.165
19	37	-19.638
80	67	3.641
72	74	-9.358
60	71	-9.451
75	5	17.619
94	69	-5.417
100	88	8.631
47	14	-17.494
93	60	17.844
66	3	6.432
23	87	-0.24
45	28	16.335
26	63	16.067
43	40	-17.767
30	30	16.532
85	72	17.533
94	98	10.559
68	99	18.817
56	6	1.372
76	88	-19.61
19	92	-2.169
41	2	-9.065
42	100	9.119
99	28	-13.292
30	55	-9.992
63	87	-7.174
45	64	18.582
100	36	4.819
40	73	2.632
5	54	-18.312
99	43	9.003
50	11	7.262
46	69	-7.692
55	8	12.915
52	66	-6.658
47	98	-13.596
14	39	5.028
86	82	-18.676
34	75	-10.311
18	94	6.389
15	83	17.539
61	18	1.424
31	25	-5.074
79	2	10.946
22	86	-2.31
3	84	8.838
14	2	-17.535
75	31	-1.987
25	58	4.224
43	51	0.71
2	36	5.355
16	7	-12.75
58	8	-13.591
5	97	-18.982
16	34	-9.657
37	63	-15.893
91	12	-6.825
49	4	5.382
65	99	9.704
45	87	19.604
7	47	-8.477
70	13	12.663
51	59	17.155
16	74	-8.686
32	85	-10.165
27	5	-7.182
38	82	18.374
61	91	-0.061
63	52	8.149
2	49	-17.948
7	78	-12.645
43	68	16.774
12	73	-10.881
43	43	-14.835
38	84	16.508
96	12	4.001
18	11	7.094
8	76	-10.133
91	54	-12.05
85	34	1.562
58	3	9.025
86	9	6.603
37	30	-8.262
68	100	-12.585
44	69	6.358
77	61	2.933
45	96	-0.14
27	6	1.196
9	21	2.494
40	48	5.707
7	69	6.35
73	58	15.113
100	98	-0.274
61	20	-14.234
10	14	19.734
84	79	-6.144
83	6	6.243
41	54	-12.412
49	70	-18.623
85	83	2.8
99	32	7.054
88	19	-1.125
21	0	13.331
64	86	-11.002
95	35	-12.682
37	62	-17.413
95	66	-14.027
12	58	-13.335
12	30	13.999
39	56	15.334
64	69	9.962
62	1	-16.278
90	51	-19.087
1	76	2.423
44	93	-15.005
77	93	-15.042
34	26	-8.501
77	23	17.867
69	59	14.206
72	94	-14.627
77	23	-13.422
72	46	-13.6
60	47	5.47
23	96	-6.201
12	41	-16.968
82	31	-8.309
22	59	-7.594
28	32	7.312
42	79	-0.782
44	81	7.869
68	37	11.988
100	41	-9.863
20	56	-19.808
99	78	-10.837
69	41	-15.494
86	3	14.641
25	91	15.744
23	54	-11.428
31	99	-7.916
34	61	3.478
31	40	7.786
5	33	6.009
55	29	14.295
61	60	-1.289
64	73	18.828
41	33	1.614
6	26	-5.834
50	87	-4.752
66	18	9.681
23	34	5.429
39	100	2.72
11	12	-3.308
42	41	-4.705
39	34	-17.142
57	91	6.322
10	44	-4.343
15	33	-19.185
35	22	-18.414
63	8	10.674
89	47	-16.39
0	36	1.223
65	73	3.407
76	24	15.813
87	48	-2.297
94	33	1.953
52	41	19.134
16	18	3.308
67	85	-0.621
85	72	-7.764
62	48	-7.631
63	8	11.707
32	18	0.134
84	2	14.013
81	54	0.101
73	83	6.74
7	38	0.496
85	63	4.976
44	0	12.983
68	10	3.961
61	79	-12.251
68	79	-19.388
84	28	5.195
19	25	-1.733
34	22	14.384
29	69	-14.285
2	70	-6.098
72	56	8.87
47	54	-18.284
33	76	6.922
43	44	19.543
96	83	-18.06
74	46	-18.183
13	11	-7.425
88	90	10.2
84	4	-18.323
0	43	-1.104
59	69	-6.737
13	6	-1.336
92	41	7.059
84	7	16.141
7	21	-1.353
26	34	15.059
47	47	-18.47
3	91	-10.264
38	50	-4.429
52	17	10.368
25	60	10.077
27	97	-15.74
12	85	-5.534
62	7	0.153
27	91	-12.593
63	24	10.029
82	66	10.796
1	56	3.249
42	42	16.38
65	23	-9.157
82	88	9.421
98	15	-3.426
80	57	-3.016
82	12	-14.815
60	30	-8.652
87	1	-7.491
30	72	-14.796
15	3	11.142
43	56	14.718
26	52	16.719
59	9	4.263
86	21	12.921
58	58	-6.607
52	40	-4.207
45	17	-17.164
68	66	-3.491
74	25	5.21
48	66	10.313
31	26	0.474
75	64	18.242
53	15	13.458
34	91	-12.678
94	49	1.911
35	57	-1.316
27	80	-15.789
80	50	0.178
77	15	-8.575
87	41	-13.456
60	80	15.267
85	5	13.81
22	21	-10.172
10	45	-5.658
57	34	19.446
11	4	19.217
64	8	-13.966
98	49	-16.188
55	80	-19.829
75	5	19.181
87	49	3.507
90	24	-3.54
25	40	-4.068
78	53	-10.813
93	39	7.915
14	32	0.678
30	75	-16.562
90	93	3.123
11	59	-7.606
83	74	-1.319
72	3	-4.594
43	72	5.744
15	77	-13.301
83	51	13.267
2	65	6.65
42	46	10.51
21	12	13.744
85	53	-14.155
9	68	14.445
2	79	3.99
2	26	-12.559
65	50	14.28
48	45	-18.767
34	58	11.996
69	35	13.617
89	69	2.804
80	33	-8.396
13	95	1.121
13	61	17.593
70	82	6.399
99	17	7.869
3	91	-5.686
3	57	-6.673
21	68	-3.846
35	87	18.235
35	35	12.563
34	28	9.531
50	80	2.195
89	43	5.174
31	25	8.707
50	16	-3.443
51	0	-0.798
83	61	-14.198
18	87	1.852
9	27	-19.35
2	53	13.481
100	28	19.327
84	17	7.635
70	29	19.133
82	7	8.016
88	83	-18.566
89	80	-16.535
85	65	6.888
82	33	15.762
85	72	16.831
25	44	14.976
58	91	0.814
14	28	2.534
7	99	11.226
16	62	-13.85
53	26	15.402
68	45	0.013
73	98	-12.688
84	53	3.924
25	19	-18.855
42	29	0.847
37	6	10.077
1	81	-18.945
45	19	-5.282
39	3	-3.083
74	62	12.449
26	42	-11.134
7	82	-7.671
23	87	-9.861
65	40	3.45
88	34	-8.322
92	58	-18.623
75	68	5.229
47	23	-19.212
53	8	-6.33
0	12	18.807
50	39	-6.304
89	20	16.698
65	42	-5.117
72	21	-17.746
92	4	-14.653
76	92	-17.281
49	70	13.3
93	80	-14.675
46	43	-2.55
79	92	2.335
20	81	9.971
74	83	5.101
80	32	19.963
64	76	-2.387
43	82	0.065
63	24	7.359
18	63	0.118
29	24	-15.68
19	58	1.661
96	63	-8.411
31	80	-16.261
20	31	-16.708
15	3	8.533
98	43	-10.964
41	50	-1.149
54	56	-1.456
22	6	17.09
4	72	-11.187
60	50	-18.927
31	2	9.636
36	8	7.35
92	79	19.411
77	42	-9.56
24	9	-3.128
70	80	9.002
12	16	-12.947
62	22	-6.951
5	10	-2.858
43	14	-17.905
70	16	19.29
44	71	18.544
18	69	9.462
97	59	5.931
56	91	0.647
1	100	-13.723
49	0	8.089
97	89	-0.925
41	90	9.414
12	52	-11.07
52	4	-14.945
42	8	7.185
79	23	6.736
36	60	13.287
98	77	-12.17
34	24	-12.707
70	34	-19.996
7	29	14.615
55	100	4.512
50	77	-4.567
5	0	-4.037
10	49	-17.518
99	19	-16.465
99	14	4.954
52	18	-2.408
71	53	-13.388
33	20	6.457
70	18	-7.369
75	25	-10.753
21	53	4.069
8	96	-17.08
11	41	9.102
63	66	18.865
97	91	9.006
37	2	-4.015
74	91	-19.172
19	15	-1.912
40	21	10.346
78	45	0.928
92	23	-18.034
74	80	-14.112
11	4	-7.313
42	36	7.859
31	42	-12.009
67	89	-3.588
84	95	-1.313
91	85	-6.49
14	12	-19.097
29	26	9.666
52	29	-2.508
29	10	8.936
44	79	-13.514
34	82	19.202
79	77	-12.79
95	75	-10.992
9	11	14.138
49	75	19.997
64	80	17.757
42	21	5.716
88	30	-11.862
52	36	16.718
11	13	-4.791
82	66	-11.528
62	37	12.622
46	88	14.935
49	69	-1.135
60	96	-17.628
73	4	-18.114
94	90	-16.473
3	57	-12.978
29	43	6.882
47	23	12.336
83	32	-16.06
32	32	15.185
22	53	-15.619
4	20	7.916
67	61	-4.389
99	16	18.435
59	20	2.462
46	32	-5.523
6	54	2.877
62	28	16.635
51	61	-15.53
53	11	-10.406
45	15	-2.396
61	8	-10.109
45	96	5.512
84	83	13.541
53	19	13.244
15	90	-15.777
97	29	-12.564
56	76	-5.197
37	3	8.909
47	36	13.819
12	71	-19.523
13	77	-1.0
73	12	1.121
3	66	-0.063
37	63	4.234
25	18	-2.868
48	98	-6.598
48	35	-16.334
4	98	-18.808
32	22	2.67
25	40	11.991
31	92	-19.955
61	35	-10.754
86	71	8.408
98	83	5.834
14	80	-3.133
27	44	11.579
61	31	-17.865
0	76	-14.196
31	74	-4.086
6	31	15.156
44	66	-13.889
58	65	-12.943
71	95	-3.6
93	40	-6.967
70	57	-2.065
94	95	-17.554
69	56	-16.39
41	74	18.021
45	45	10.603
62	100	13.513
6	7	-10.348
42	1	1.855
6	89	-9.872
32	64	6.756
11	99	-1.618
87	47	-8.243
18	31	-5.448
33	99	6.383
11	23	-16.84
44	59	-9.21
17	43	13.414
27	27	1.63
93	41	-1.829
99	11	9.926
51	43	13.217
93	9	-14.671
72	34	-7.954
9	91	-11.699
2	22	-11.978
27	80	0.033
45	52	19.178
9	47	0.27
8	75	-13.316
38	79	14.121
40	17	6.756
50	26	13.408
35	25	-1.982
28	62	11.389
69	1	12.951
21	5	-11.868
42	65	-7.72
33	31	15.115
1	73	4.272
95	75	10.531
63	85	1.639
1	26	-8.078
5	40	13.326
48	84	16.812
45	69	11.142
68	22	-15.733
18	15	-15.247
85	93	-8.492
94	94	2.616
60	75	-15.491
41	34	16.562
94	73	-7.435
16	52	17.579
78	14	-11.131
52	49	18.738
42	78	-6.582
68	29	5.042
96	61	-0.464
74	60	4.658
36	80	-2.459
34	96	5.561
17	47	5.757
85	0	-4.52
94	67	-1.265
75	30	-14.542
29	96	0.362
61	66	17.18
33	76	2.392
91	90	-16.481
8	92	14.381
70	27	6.762
61	44	8.359
48	63	-2.381
90	15	-3.935
37	74	-9.993
40	77	6.178
88	98	5.63
83	9	-0.567
82	49	-9.143
83	97	-2.593
61	70	-12.798
83	99	13.509
24	2	10.938
69	74	-13.981
69	61	-2.154
21	4	-17.979
88	22	-9.18
6	47	3.682
31	68	-19.18
50	52	-4.614
59	65	4.972
75	66	19.951
78	40	13.372
65	76	15.982
36	3	4.912
80	3	0.426
37	98	-11.138
2	3	-10.894
17	16	14.784
69	19	4.716
79	69	-7.641
30	77	-0.627
70	47	-2.218
33	17	-10.642
43	27	17.769
36	90	-2.972
64	16	15.216
33	22	13.633
35	31	6.725
24	81	-7.691
94	21	-16.813
2	2	19.414
56	25	0.991
39	4	11.902
91	46	19.546
40	82	-18.24
2	15	1.262
86	32	-6.739
41	63	0.432
24	91	15.881
75	43	11.472
45	4	-16.527
65	51	-10.683
57	90	18.322
58	18	10.154
18	96	-16.089
4	4	-5.801
79	93	2.293
23	0	1.751
43	36	-10.597
54	35	-14.047
100	40	-12.087
15	39	15.735
32	40	18.31
10	37	-7.13
51	86	15.936
55	12	15.026
37	80	-5.882
77	3	-1.947
16	46	18.825
55	0	-9.243
0	54	-8.697
77	63	7.728
66	80	2.381
67	32	-12.508
23	97	-10.243
74	77	14.891
55	84	5.671
39	44	-18.303
73	29	8.467
26	29	-13.367
89	63	8.124
44	80	15.651
81	75	-2.392
8	38	-2.136
50	29	1.177
4	31	3.034
56	90	8.434
20	49	1.193
6	97	-10.278
25	5	-14.471
94	25	7.17
51	28	2.132
26	85	17.862
57	83	-2.005
84	11	13.174
6	23	17.101
21	68	10.651
52	61	-18.938
30	23	10.896
89	12	-19.312
72	54	-14.21
89	42	10.187
83	83	-8.265
74	43	18.616
68	61	-19.282
2	61	-13.368
66	68	14.692
19	22	-6.27
42	56	-6.688
26	14	16.757
95	2	14.795
95	63	-8.847
8	90	7.356
39	76	4.85
81	44	3.697
75	55	3.111
45	6	-6.224
42	89	2.071
34	68	10.976
45	13	-12.233
57	14	-12.022
15	62	1.043
85	5	2.981
8	21	17.062
2	36	-15.737
64	41	13.35
44	93	-15.3
0	25	2.69
63	33	6.989
36	55	-12.182
27	46	-12.584
46	37	-14.439
62	13	6.609
30	63	-12.154
24	3	-3.102
61	94	-5.666
73	34	-6.058
32	62	7.859
30	21	-11.863
0	14	0.303
16	24	-0.981
11	79	12.49
11	56	-19.433
33	8	-14.745
45	0	3.918
71	59	-14.741
73	3	-2.806
95	0	-15.838
98	46	-2.691
38	31	-8.694
24	47	18.959
60	99	-10.1
49	75	-19.552
93	30	2.865
69	80	-10.081
51	36	-4.941
43	40	-14.372
84	23	11.938
10	83	17.195
80	14	11.756
46	63	-13.886
7	24	11.007
52	88	4.886
48	51	3.443
91	96	13.081
83	9	-16.603
79	92	-18.339
5	45	11.748
51	88	2.332
100	49	6.388
45	80	7.502
24	6	8.635
30	65	-5.593
89	20	17.58
41	67	13.044
19	60	17.978
94	62	-9.589
44	68	-10.473
86	15	-18.917
32	34	11.14
36	81	-2.344
16	29	2.528
6	58	-11.358
21	40	0.088
51	66	17.654
3	6	11.893
52	77	-17.233
12	88	-10.714
20	49	10.078
1	72	8.917
66	89	7.412
97	38	-5.704
100	18	-2.823
61	55	10.072
89	13	13.783
54	51	9.522
90	43	15.573
51	75	-16.565
13	46	-8.532
53	86	1.23
70	87	-6.105
2	68	4.537
49	25	7.392
94	69	17.567
84	5	14.604
46	25	2.134
87	64	7.859
53	96	-13.729
86	61	-16.654
38	67	-1.698
9	53	17.827
78	69	-5.163
26	38	3.45
34	72	2.365
35	35	-10.627
91	89	13.145
62	65	8.826
10	48	-3.968
73	38	13.915
35	76	-18.727
88	48	8.344
99	43	-18.265
2	46	3.516
72	53	9.689
71	22	-18.085
48	57	-11.622
94	75	11.669
57	24	-13.879
26	7	2.249
21	20	-4.231
79	92	14.555
61	23	16.951
71	27	3.856
95	55	17.017
58	78	-7.78
52	45	3.443
31	11	-7.207
72	26	2.646
43	66	-11.011
7	4	18.908
63	43	12.765
61	37	-14.761
81	7	-5.63
87	32	7.375
24	25	-19.576
75	90	-11.503
19	90	13.652
21	42	11.271
96	94	-13.503
28	69	-14.563
5	63	-14.968
87	65	19.942
31	62	-10.663
66	89	16.48
97	28	-6.069
1	95	-2.741
97	60	-8.077
23	13	-19.254
29	76	-12.815
13	59	18.558
70	50	0.488
75	68	-11.909
97	98	8.497
15	43	-18.767
2	50	-9.387
57	2	-0.998
95	88	16.481
3	58	-9.539
17	34	-15.103
47	56	2.168
80	90	-14.062
97	40	-4.74
39	85	6.209
5	88	18.225
59	93	0.319
61	57	-10.82
13	51	14.504
23	21	12.17
31	3	-4.644
10	70	3.461
63	52	-8.154
88	40	-7.927
90	19	-13.508
6	37	-0.897
32	60	-4.652
58	45	8.191
47	98	11.708
96	85	3.009
10	11	13.702
44	73	11.614
78	30	16.364
88	80	7.493
17	92	-5.186
32	89	14.913
14	0	14.805
58	12	-4.416
23	61	1.546
22	36	-5.195
90	98	-7.994
23	25	14.025
84	69	12.498
59	95	1.972
93	21	4.263
51	50	-6.504
63	95	19.355
49	67	17.154
72	20	12.635
28	100	5.639
21	60	-14.282
29	50	13.011
69	51	13.488
62	61	17.743
52	91	-15.585
66	34	-2.672
0	5	7.674
45	37	4.829
53	59	-4.003
93	29	-17.385
92	24	-1.98
34	57	-17.274
5	53	19.711
11	35	19.28
91	50	18.509
18	81	-19.387
28	36	-19.49
96	29	-0.52
90	41	-1.947
6	91	-5.464
94	52	-5.995
20	81	-5.013
16	3	1.304
91	84	-19.233
14	82	-4.964
64	64	6.994
49	70	0.191
17	4	3.552
63	31	-16.552
39	85	-0.206
79	10	8.456
79	57	3.991
76	35	-18.181
1	62	-2.295
36	26	14.391
45	36	11.676
90	26	10.141
23	1	-0.842
82	31	-3.436
86	57	-1.151
11	29	11.412
57	85	-15.783
31	11	-9.663
91	62	13.662
53	47	-11.565
24	20	18.186
86	24	-12.698
67	40	-13.579
20	99	3.205
12	32	-11.945
14	15	-16.813
9	10	8.34
79	5	-11.59
63	11	-3.646
11	94	15.857
96	60	-9.363
100	12	9.413
85	87	1.197
33	40	-15.011
97	44	17.667
51	72	6.575
74	7	18.916
54	56	12.965
60	45	0.347
0	48	-15.664
62	54	13.882
27	93	-7.937
77	54	-17.681
80	41	-10.574
60	70	19.561
54	38	13.931
47	71	-4.321
32	42	-7.985
81	90	18.066
89	74	17.789
19	99	16.823
50	81	-11.258
19	77	-9.883
92	55	-19.853
64	100	8.441
64	74	-11.717
73	78	9.507
64	28	19.091
58	56	19.087
94	85	-7.85
6	27	8.191
42	45	10.592
21	40	-10.8
83	30	-10.164
78	69	-13.929
31	95	7.696
87	36	10.552
85	40	8.046
99	2	-8.758
23	40	6.764
33	55	15.922
17	78	-17.872
11	9	0.733
54	59	10.929
65	14	15.066
40	13	-2.191
40	27	5.391
97	8	-3.891
15	25	-13.731
89	78	9.118
75	16	9.52
33	51	0.214
54	25	-14.972
34	48	-19.666
82	20	17.843
72	62	9.07
84	78	-11.175
69	5	3.396
100	79	11.609
14	77	15.485
75	88	-15.44
79	59	17.761
79	99	-1.616
98	43	-10.197
22	98	11.425
3	63	2.172
80	95	-17.815
81	72	-7.435
15	40	-10.037
40	45	8.364
61	97	-5.204
44	29	13.693
96	15	-16.057
50	92	-15.731
0	65	-19.622
12	35	17.158
33	1	-8.805
38	33	19.811
44	16	-9.14
93	89	9.549
88	80	2.438
53	68	6.186
79	12	-5.235
22	25	-3.625
90	12	-0.415
12	40	1.931
47	58	-14.809
84	69	9.868
6	51	-0.763
73	72	13.292
89	43	19.936
27	4	14.8
81	77	17.94
4	78	-17.912
16	20	-6.934
55	3	-3.231
73	93	14.89
25	4	8.603
25	67	-3.684
74	82	-15.965
39	66	-2.306
1	43	-19.455
12	45	0.968
36	78	7.049
66	38	-19.993
89	1	6.006
36	23	17.988
92	10	0.334
1	21	12.576
30	54	-3.023
94	8	16.327
16	56	8.554
94	90	-0.568
52	51	-7.306
17	73	-6.899
47	71	-17.639
31	46	18.236
18	17	-12.914
13	67	-4.039
36	47	-13.909
14	77	-18.391
78	97	-9.672
57	5	3.74
98	87	15.015
4	65	-4.99
52	6	7.475
5	41	8.912
98	42	12.585
9	61	2.771
63	96	9.613
98	42	-19.041
19	22	-11.6
6	55	-3.478
0	5	3.45
85	36	12.21
18	85	-9.433
7	27	-1.09
1	63	-7.2
95	3	-9.904
5	86	-11.355
56	25	9.942
70	90	3.647
23	84	12.979
60	42	16.554
60	10	16.885
71	47	-15.77
75	81	14.029
26	89	5.836
44	80	-8.673
12	43	2.824
72	48	14.614
6	35	-12.26
100	100	1
